              precision    recall  f1-score   support

           0       0.73      0.08      0.15      1500
           1       0.45      0.22      0.30      1500
           2       0.19      0.87      0.31      1500
           3       0.64      0.16      0.25      1500
           4       0.46      0.31      0.37      1500
           5       0.54      0.33      0.41      1500
           6       0.97      0.30      0.46      1500

    accuracy                           0.33     10500
   macro avg       0.57      0.33      0.32     10500
weighted avg       0.57      0.33      0.32     10500
