              precision    recall  f1-score   support

           0       0.96      0.95      0.95      1500
           1       0.93      0.96      0.94      1500
           2       0.77      0.93      0.84      1500
           3       0.99      1.00      1.00      1500
           4       0.89      0.82      0.85      1500
           5       0.95      0.80      0.87      1500
           6       1.00      1.00      1.00      1500

    accuracy                           0.92     10500
   macro avg       0.93      0.92      0.92     10500
weighted avg       0.93      0.92      0.92     10500
