              precision    recall  f1-score   support

           0       0.79      0.01      0.01      1500
           1       0.39      0.21      0.27      1500
           2       0.21      0.70      0.32      1500
           3       0.74      0.04      0.07      1500
           4       0.29      0.28      0.28      1500
           5       0.58      0.09      0.15      1500
           6       0.42      0.81      0.55      1500

    accuracy                           0.30     10500
   macro avg       0.49      0.30      0.24     10500
weighted avg       0.49      0.30      0.24     10500
