              precision    recall  f1-score   support

           0       0.65      0.01      0.01      1500
           1       0.40      0.20      0.27      1500
           2       0.22      0.71      0.34      1500
           3       0.70      0.04      0.07      1500
           4       0.29      0.33      0.31      1500
           5       0.57      0.10      0.17      1500
           6       0.43      0.81      0.56      1500

    accuracy                           0.31     10500
   macro avg       0.47      0.31      0.25     10500
weighted avg       0.47      0.31      0.25     10500
